42868
03
43
82
23
98
639
063
666
612
968
662
5744
9935
7575
7683
1743
3481
5679
6490
3892
0020
7083
6056
9031
9067
4526
4992
3890
8344
1162
8484
5653
8405
6117
2225
4157
32231
08447
25640
50372
58337
00663
62438
69105
96572
44020
51661
63979
81783
05373
10843
32263
37489
39302
08484
82265
70073
32841
70566
01646
14561
35255
40693
00312
90417
23291
26271
51157
63249
78189
03381
08112
10084
19541
34502
34900
41767
99934
16678
22912
23962
26125
41536
59378
64318
71643
52471
87026
96350
03234
74012
78534
94031
06118
45822
70053
73191
00792
32026
92057
95031
30478
76486
99840
11982
17987
53505
54908
90890
94430
06520
15149
21161
27831
35010
38472
42604
46156
10109
17303
47324
52342
15303
31002
40706
41866
55305
66028
72203
72520
85321
11469
12997
37939
66839
67286
04622
17507
31355
56555
67051
94889
41118
97514
74611
88722
31296
78229
80483
87454
90495
91467
09092
21869
23188
42811
43913
52945
53992
55749
74380
15484
15920
28685
71059
94664
97119
15227
17437
34505
62563
63456
95900
14032
36745
60722
69767
99815
12189
44730
48603
07481
07708
09726
12981
17065
26325
43449
43545
66579
70529
72468
98912
32432
55987
84682
90223
94666
01530
24502
49272
56681
58550
05825
39510
45247
20420
31487
89936
33533
45146
47965
49888
81519
42868
46460
14852
15510
17845
24195
38446
41976
56015
66025
84165
91806
46369
61954
62378
66566
38740
41801
44460
45842
46922
52962
61598
70329
78094
29189
57168
13055
48154
70552
49190
09205
09706
22215
37477
53820
57637
19051
19918
37825
54619
44241
71973
88314
92089
86184
76955
90611
24043
41115
48809
58926
61151
62681
70273
28095
33303
52022
58384
59893
62833
76813
01860
11012
23323
41721
69090
65234
71788
97814
05271
13157
20989
27350
45218
46108
60199
67729
90942
40658
00240
01616
12334
25831
43488
86861
92782
96523
99263
96347
01946
05153
10601
43497
90618
95796
17939
61940
70212
70824
73840
76475
76633
61898
79959
95272
06512
11172
31462
38965
46799
47589
51057
59521
95623
16742
24832
27567
41859
71841
76639
79453
10652
11171
11469
34849
38696
41280
53513
71651
72070
13659
23115
25483
25660
51623
53828
55645
58065
61434
18205
37462
48960
71963
62246
68066
17449
94729
09026
55319
55707
14578
43020
43454
49916
68538
75308
76434
85365
85835
88665
97327
22476
40250
66277
86719
98966
24961
50345
96184
08027
13309
22125
41811
45520
62449
76078
93814
15973
19653
69296
11927
37285
55940
03566
06105
13083
13445
6
82
59
83
29
07
15
955
287
432
367
063
091
276
364
296
407
343
3303
9772
0200
2246
3004
1223
1759
3145
0662
3395
4397
5706
8880
6971
6755
7359
7877
1298
1283
1675
5260
8479
5862
9292
4984
5082
5088
6929
03585
11347
22511
23926
64461
85058
76865
78925
62278
89935
95848
10131
09309
83424
85489
94323
40370
64166
67054
06643
32448
50962
75272
24289
24540
38520
47676
87134
08139
31969
00227
46149
46693
89449
02992
03469
28000
42064
53509
58598
61530
08304
15305
41395
68525
69590
71643
24521
29494
60087
68732
94375
36892
46836
62089
74100
81524
94389
97973
07465
13698
17784
70441
95648
29426
56666
58235
65810
87986
97718
29322
77364
97881
05777
25852
30057
42286
94430
00416
09354
15128
18825
22553
30914
33820
37930
66588
72654
82883
95695
10109
31340
90771
07794
51119
55918
74933
76547
80806
13955
17586
22426
34328
42713
43743
52992
68580
75990
22133
40214
48875
51060
71463
96419
03249
13011
13161
25418
38279
11565
80234
88980
30811
31055
35346
65896
71700
78388
14791
18780
85968
88289
08433
94873
44584
52957
57612
67546
03855
06053
34154
75179
80640
48144
14949
49146
50662
60379
21295
32223
71067
73527
24627
54475
65617
07966
59534
71770
46197
06717
45490
81519
85426
89333
37128
42868
10619
14344
18100
26439
55181
58472
84499
47636
58367
59502
65654
93956
30191
30642
37451
13398
42204
57168
46235
60926
69800
86723
48148
72253
37276
40912
42200
94146
03376
06730
30010
40827
66916
22702
39663
40883
49202
00377
04336
40454
46668
48565
89378
49870
63389
77100
77690
53970
69214
16951
20076
20201
59367
77365
99635
11048
19943
22085
27344
28254
45287
51098
68429
78406
91889
11856
42308
83095
09285
16422
23486
28092
37665
39382
42800
49036
90372
48578
53173
54849
65508
02103
02772
04771
20876
24599
29752
31577
89811
97618
99244
44216
66721
90275
92480
03548
09158
26950
46055
47632
49920
58390
16204
31566
76195
76894
78198
44950
50004
56109
86372
95493
25880
40529
40623
42447
45324
74438
77959
99356
16742
23228
24497
29397
34575
44510
67855
77187
50645
76724
76737
05592
13366
16547
58639
34765
41585
45697
48917
43589
45229
45628
34435
69445
90502
03322
15183
17695
17738
38966
47529
77646
81705
93014
20691
45034
77092
00091
28346
36446
45086
88213
13528
61106
64757
10950
40571
17169
42942
45352
58850
79290
80935
04023
13821
44498
45139
35841
59011
63659
7
8
65
55
18
539
615
091
063
111
642
297
276
125
799
968
1097
2563
8805
6050
3207
5808
2949
5187
2098
4272
8620
2132
3298
3922
7931
5718
0038
8154
6565
6339
7983
1557
4384
1996
3890
0802
2558
2576
7900
9273
5406
03480
23417
03684
04702
17604
22967
33381
36724
00917
62878
80331
62278
87162
87269
91904
16638
54894
90366
90591
01631
02177
07824
54439
56922
83991
25988
36168
00493
08139
07935
52777
58365
64713
75032
78363
92989
96941
18222
19541
29641
48623
53718
65722
71961
55644
68732
70808
73954
78445
86958
89872
20002
24713
47372
56916
61486
74655
05620
10333
54266
94464
01512
28414
32211
46753
47666
57349
60118
62303
65793
74685
76266
96879
01995
03110
22143
66620
71059
74095
83834
96752
03468
33832
59881
00227
30247
66512
73023
82308
01935
10109
25530
26238
29711
24439
36130
52835
62682
69840
73626
83040
52441
61807
99256
04376
22880
27971
29360
33061
13133
90419
48091
51648
55047
56669
84675
02138
02652
10075
10723
13976
26719
36723
46611
13055
44124
76048
09369
15227
26566
40123
47007
68904
90903
04968
52104
54521
69126
75804
76058
96025
13443
22866
32318
60904
13611
22824
26131
44708
49282
50139
56754
79855
91695
22016
24946
31773
33024
52737
61202
64761
90548
11400
16127
53909
04228
04528
17591
19654
41014
53791
58543
68235
07858
39465
47607
86549
90722
14901
23919
67414
73536
88019
37158
42868
26656
57198
64060
68733
75592
79812
91806
31509
48939
90037
09376
36773
47399
60912
72258
12146
15464
42176
22081
59752
65260
92802
93476
99816
45138
49544
71065
97171
00242
07482
40353
09080
43807
22999
46677
71845
91763
04399
66496
46007
57748
08197
13620
47101
71897
94764
15055
23106
27193
44892
51789
95818
04128
05143
33080
38962
58381
61312
20989
81194
91370
92194
19136
48578
75329
06873
10016
15126
25812
26266
40170
43672
46422
81325
90316
90845
91937
94500
02964
09004
67510
47807
49217
49994
53646
56087
71256
77787
87770
26973
51276
57722
68168
73742
74671
05856
19471
20859
73018
12154
37912
74722
91041
61997
71850
72945
26744
37666
51624
58280
73593
74138
79904
86547
88297
33376
48510
73553
05648
19163
53091
98312
31437
55707
91244
72269
72920
97725
29183
46188
51148
95031
95733
36812
28489
47812
00623
42466
60280
02069
18058
46036
51368
65111
71440
73639
16536
34509
55901
022479
032098
041225
058446
066704
075109
123145
160977
181320
216180
241709
325557
330455
372677
388859
424201
485991
537632
569707
598523
674727
703440
730508
755840
772362
917188
975874
983014
054751
136497
266353
304405
320496
327117
350604
476785
540061
588576
600336
607725
611403
621495
731609
736580
738395
767300
827095
929585
960847
977782
989306
033266
038934
049523
059039
134324
263538
460034
561559
573714
626995
716721
790867
814266
822313
850759
890126
985773
991694
997087
095368
212651
399294
481743
718631
744496
906871
922083
047356
120276
144086
160400
237985
299975
391966
433900
479136
502372
516255
790399
796182
906243
006556
364901
749114
943718
389803
398389
492302
616442
665856
691617
169641
300023
510631
535743
564400
605599
737564
891021
309350
359051
9
64
32
29
60
456
636
096
788
063
111
698
231
132
276
251
069
968
986
8368
7575
0087
9267
6107
1920
4796
4775
3553
0046
1563
1607
2132
8403
0830
9798
6790
1218
6389
4263
5382
0565
8999
8981
9974
3287
5214
9109
0144
6929
7478
7900
0253
5046
70357
38779
44994
81319
03902
04692
11208
21878
38235
76519
93201
28179
43413
69683
80414
52436
54846
24852
28064
90065
16744
23681
31617
51846
05387
05404
83224
91277
79045
40143
40435
44297
53667
95102
10875
08139
26078
80315
27585
73683
75295
88802
03435
19541
24658
46740
55512
57533
96941
07749
08232
41419
42657
50391
63220
51269
56465
68732
70823
84739
89872
29037
30010
59010
69042
70390
70236
90810
91906
20240
00792
24604
34814
55008
88721
00505
01464
39673
42207
47889
95789
16013
27788
34683
36161
08019
16341
57572
77644
78990
05071
10109
11135
29711
31288
31395
33795
47680
24902
27779
39448
58354
78346
82578
28506
38492
40764
08092
21680
28242
43873
53081
26067
91081
43541
21397
21823
27114
74306
83730
85260
85538
00444
05934
09583
77054
15592
19354
97231
13056
47861
66953
91929
60949
69213
93092
45406
45903
48264
22278
72881
75379
90655
95376
33177
72599
99496
11400
23914
25836
08041
30834
34884
40944
42159
54866
57446
09689
37449
39912
57123
35592
43530
81626
41284
42868
20820
82573
12107
12823
52116
94149
97428
04272
42044
59051
64573
74335
37675
46496
49941
69948
41409
45611
92642
20855
40972
77116
58462
76717
88093
88314
90851
09851
57009
65348
83974
43401
43671
71057
90568
65933
77365
70774
96661
97370
97915
36135
38147
18564
20436
39148
42900
51870
54574
83239
26975
46680
50612
54191
62935
06577
33493
33979
87208
76141
03301
20798
29646
49629
98743
11339
39067
46828
53427
63463
78391
46999
70926
92807
98913
21677
22015
24334
30963
47037
51755
91003
13876
16742
36909
73373
12154
25302
33128
72918
01787
09354
52584
62156
30339
33824
34599
40002
03009
13573
54159
08231
08917
17224
38966
42946
52318
53940
55707
86534
74013
78333
93742
73431
65141
08126
04542
13387
17247
20335
38916
46436
35747
63760
63811
21002
28132
28833
49450
022302
035402
062074
065100
065965
134647
173536
192149
194221
243519
273419
279938
283925
304265
316727
323639
414762
435747
443298
445282
460627
520265
562460
590271
600260
601004
631375
659457
691794
706337
753762
760390
787408
906924
989879
990682
033741
077532
212348
389652
405011
426113
446561
476785
492195
519194
598357
623523
640291
725664
834849
041737
074105
570288
608727
626995
630429
741363
812934
869253
896348
899770
034429
051403
183441
377684
419747
591306
627769
714034
737906
778577
955342
016154
198218
217674
342637
363431
519329
557473
751381
150845
548869
626715
899989
089170
179551
209463
526171
935491
505366
265733
365865
7
65
684
311
805
725
063
297
600
536
968
757
070
299
662
0826
0314
0992
5760
2853
2949
0084
2098
3336
0849
3490
4907
5533
7611
1128
0652
9765
9293
7266
1989
2852
3004
6368
0665
6979
6364
2845
6685
0868
6635
6665
17034
44612
74832
01391
01700
40419
45273
51091
00663
72445
74585
78103
80331
80782
07955
48713
62278
40608
48212
16169
49309
55645
11859
34870
57634
16999
96052
05312
09839
49656
53806
36425
81360
36061
36652
41268
49681
57870
58602
59161
03954
12017
36362
41652
21099
27238
03829
14059
17290
35424
66459
12626
95129
07736
41536
50974
60792
66506
71643
36096
39906
77014
94948
55719
59460
72052
63370
91704
05553
24233
58640
71562
05683
59735
71466
76605
90159
92367
07532
20301
86346
87443
90479
93845
97881
11302
24773
59800
21019
29429
32288
34640
48540
50082
60031
64667
66500
73990
82308
83409
04393
08133
10109
29711
36321
45541
47897
49974
58963
98836
99038
39994
46463
82578
23439
31107
41034
79391
85260
17507
30911
36501
37232
59817
60638
70573
94504
18205
33520
51888
53211
73321
10433
42362
64340
74119
91854
91950
01282
01906
11006
41161
48918
91129
98045
04436
17508
28287
45460
45628
53126
62019
62608
97696
18638
27510
41626
85531
00952
21870
28886
49747
78953
80098
99305
25429
28422
50955
58573
70018
61500
78580
91005
13632
22946
07940
29870
53922
58198
43593
93089
42138
42868
30360
61679
89105
91806
19057
19790
20296
30318
39989
52874
41651
49486
72080
92336
96499
39068
66077
66707
16308
28794
30306
80577
13581
13744
36893
46940
49544
60119
98607
32732
66140
03538
06533
17388
42094
20715
33551
42025
43032
47309
90086
03080
44351
46051
72209
47413
74222
92640
22181
63901
73594
90058
93975
97822
99496
19952
27774
75814
13931
15611
67602
68888
08616
32645
91499
96178
01894
35371
40050
42900
45576
93470
08059
16464
20448
48578
58783
14955
24277
36263
43565
48346
49193
50839
20824
35923
42257
37106
53553
53560
55224
59790
70442
63419
83380
86346
97425
10569
28697
36073
39197
58315
22832
38934
77187
82593
89475
11810
32434
73011
06941
69363
76413
41348
11362
44154
49949
76766
78292
32403
39455
45131
50217
50981
57841
69894
80562
29273
61881
07148
08535
42946
55707
58496
99844
14799
18780
41132
60804
92486
93740
19030
51148
54386
54819
56819
12993
13840
40975
41836
49025
10706
37864
00623
31601
54410
89309
94348
28087
78473
07839
11927
27771
34549
67696
024113
050921
061053
097326
176030
238583
242379
267919
273505
308609
317412
318715
335541
336737
365853
371287
454978
466993
491323
567272
591017
613296
655752
714965
759481
770503
980197
984838
997082
011659
016073
263123
379471
397459
492435
599928
639992
654007
725664
851924
054273
156413
237546
424827
489320
535453
626995
635587
648574
720163
756890
814266
907545
035282
040086
083981
269168
291750
359043
426915
471004
538867
703471
969176
016154
345765
360596
366826
464009
499508
524432
619954
622492
751381
766580
089466
258449
323597
532389
540106
594837
612769
695606
840360
939022
439954
540428
676754
695430
723953
999681
195464
329991
379453
668419
847521
6
18
005
007
111
172
279
636
3433
9318
3004
3269
3553
8115
6720
7913
3342
1925
3668
8154
8835
7877
6281
96726
02328
42096
53922
33212
60558
44210
62278
40651
17334
34441
81064
13901
18969
08490
47588
49819
90875
73223
30535
37161
43444
57797
70310
72981
95102
23249
28525
36757
41652
43096
08445
32844
63249
90629
35141
59354
10007
35116
51275
62128
27897
54634
28994
42612
64009
96634
99058
04320
19415
28108
59307
70574
06155
13264
17553
80218
97881
30276
35305
08019
28404
64655
78723
84992
98286
03371
06415
09782
29711
58963
20560
33780
40096
64732
95298
23499
70573
91549
95150
23616
34693
29079
35518
17006
51652
63058
69605
84729
10120
31495
23282
27070
62801
38437
54752
56754
97447
22382
24127
53153
60608
88969
23280
15428
34884
69770
74112
23109
37209
40039
34987
81407
17764
86834
42868
48573
48684
25626
64564
11233
25278
41351
09386
47029
73121
35358
00125
50778
60072
89147
09651
24963
42418
43260
06497
43548
43669
31830
42801
91962
34181
42467
77634
52132
54305
69090
02167
04855
09967
23984
44828
54697
66394
62758
84681
08015
34214
47934
74308
76733
58188
94981
95185
18029
36010
45027
48303
48578
74805
36287
44011
94738
99096
50203
01940
04300
38469
96128
96575
06624
51586
80316
98151
13131
24763
31558
39553
81904
10902
15080
45437
90934
57439
38006
72615
75701
74199
79851
19014
60978
71136
98190
99130
32149
51176
55470
72407
42098
72339
06909
07836
18369
32068
37512
43568
47338
54037
56533
93727
97942
00623
17247
27860
78979
89592
95302
96286
20147
23996
27960
66432
77280
047663
079852
091246
117982
131575
193581
196605
246337
252618
258111
267063
270146
290044
358225
367483
409565
412323
422910
463344
465032
483237
485470
513765
588947
596938
619644
652844
659559
788747
854410
903360
910517
940065
978261
017004
033652
038141
092178
098031
152528
154241
201367
206502
233959
401073
413207
433559
596373
610728
624305
700964
702939
741203
752393
752997
927566
987199
064556
076591
077307
101376
255002
275580
483149
491749
546803
572938
592827
626995
727323
813914
061009
065322
098175
117276
248874
277191
325007
487173
537903
619967
693181
942311
061952
124542
308190
520440
669183
096497
150628
485701
655221
822117
216531
324174
772358
778220
865223
951530
614318
636094
804022
062672
119230
152183
640294
7
6
08
96
81
18
776
327
045
412
111
712
276
968
555
833
851
230
662
8114
3553
2949
0084
2098
3445
9622
3071
0913
9657
3890
8718
0893
2807
3812
39683
29654
37673
69910
80331
86066
92704
47821
62278
83730
43718
10865
22639
43679
43741
03375
61308
05170
08490
09492
09959
51412
82009
40370
74951
00547
09778
49791
51082
93785
01794
20914
08139
95882
03040
10214
34452
85324
90670
94391
99262
00285
08568
19541
20982
21087
33210
46666
51531
71568
14887
16788
41419
43193
71643
77629
29008
68732
66636
58111
71271
10333
10427
12599
25533
70441
34943
45974
55008
60539
75567
82181
82437
97718
02252
06340
32749
77419
86158
86346
97881
17190
98703
99963
00227
11707
23810
24064
52020
82308
82693
92755
93355
08133
10109
11855
22155
24858
29711
33572
55209
68856
90209
27343
35155
62326
69910
82578
87879
18504
21841
32750
37446
95972
17507
50105
64494
64978
70573
74975
03473
18759
93714
96680
25024
31281
38521
64961
85150
87590
91599
24194
35276
44164
46453
57402
94438
30335
99862
17064
20921
73940
76518
01993
10850
98351
16690
50457
53320
05088
13268
04318
63724
69770
40682
43879
20760
21617
29378
42286
81407
90722
01177
46176
64200
42868
44087
16205
26764
27221
41457
47501
53013
80937
91806
13965
20920
26113
30696
48939
58137
00269
03144
45271
47029
49876
50475
68205
05649
29930
40342
40454
40456
50484
13050
65805
68108
26798
41677
43186
49544
74560
45961
49099
98607
22215
45177
59346
55771
40943
48467
88314
90987
92013
98240
03454
88399
45565
74518
94632
04379
21381
85088
02007
54697
80051
01652
50789
68866
29800
37665
37930
50999
81546
87384
14659
26118
48578
65280
67927
12226
12679
25636
63027
77180
79491
10601
07768
14930
52336
69203
80316
90072
06105
07938
20583
29844
12753
14936
18230
74844
77187
86882
22949
46977
73978
98038
98545
02629
04642
57376
57742
65315
43142
66064
50666
11802
32261
34337
55707
18010
32321
42645
59437
28993
43970
58384
00623
16024
90917
01129
18757
56301
16415
45915
028844
130074
132152
144614
150409
172040
200144
383907
417841
556154
564386
612835
631007
250692
260651
277418
411176
516808
570462
600336
657278
726677
871738
100105
626995
731877
814266
850759
052462
083981
183441
443676
492720
640883
141877
118912
302600
435893
521368
723090
085207
123681
217985
8
01
02
60
18
628
007
723
132
276
968
992
314
522
989
851
3675
7575
1356
6811
0200
3004
2949
1411
5131
8491
6556
8377
8936
0544
3084
8709
3890
4566
2291
7682
5730
05479
51060
30217
45273
07758
95200
97897
62278
69683
83977
11008
99240
08137
55501
91277
40370
00547
32503
36061
95102
03007
03449
49254
95882
10321
30598
34452
42246
63249
80658
80848
81292
19161
19541
31275
96792
27276
41536
48132
51275
58107
66134
71643
71678
27857
38946
39707
68732
90043
94764
63799
91704
13698
70441
02444
28414
37464
55008
66553
74745
16115
28797
54103
76307
77419
79279
83042
09677
19154
30276
50363
94430
07483
08019
14522
15704
43990
82563
98286
98751
05080
09805
10109
21213
29711
40003
48704
08698
13532
21872
55710
57224
59369
61111
76808
82578
82682
89383
89522
30537
34634
74186
97080
07956
15627
43873
04923
09417
92850
93714
43541
75502
21652
24543
35084
35450
46014
51092
60174
87713
06124
05828
26619
35333
52803
54176
56955
65373
98199
40123
55223
80975
10157
16317
23743
30349
65872
78953
79239
89520
93007
99727
17564
60220
25502
30876
22540
35309
41549
54620
63885
71424
98322
08785
21885
49602
11887
17591
48522
69770
74237
20708
24602
37559
10430
34987
80041
81407
82471
86921
82680
42868
13933
14344
40890
41457
74376
78627
84056
91806
30318
50780
51605
99242
07047
69076
74932
58598
61315
65533
67420
09926
25781
85818
49544
49099
36728
02918
40976
88314
06200
43299
47778
79650
70188
14491
19263
54697
58238
70408
03592
90244
39668
81815
10766
20123
20989
25246
36953
43462
91200
07513
12543
19136
48578
00841
03047
18189
25523
41831
94747
98809
49833
58164
69113
96816
06241
08821
96701
01205
05011
55224
76008
40379
57217
15839
27026
74177
21111
35454
39346
44819
72594
00719
12154
38002
50581
62156
29000
29518
33244
78239
40002
58111
78478
09743
71505
03613
38966
93870
91955
01804
49736
66662
68859
77673
29263
07836
57062
57528
96184
00623
28954
61876
66442
80071
02138
33166
46036
37241
054806
071774
102377
186875
256711
357673
386356
431049
432826
563806
607115
607145
610433
619644
654283
719223
753762
783030
929797
015989
131473
250569
476155
481891
495945
742392
844849
937165
970425
100105
135094
152655
559026
569179
573433
626995
741796
814266
943157
984779
007075
050217
062253
124046
167007
345516
376271
703471
981562
021957
390802
557473
574982
751381
818108
055031
150845
083447
473651
517058
538832
871488
503560
428030
507228
678144
680950
802097
6
96
47
52
54
60
287
044
350
007
063
111
276
299
734
938
777
5208
7256
3004
9626
5787
2098
2132
4397
9063
5983
3600
1452
9622
5020
0409
6102
0544
0060
7877
8479
0610
8951
0279
3139
2934
5155
5458
5620
81319
03251
10913
15646
20339
48908
78540
33012
61984
66719
83341
35070
33878
54260
57003
82005
88061
90619
30072
00673
05404
09992
47901
58460
91105
97567
17217
40370
47176
34767
41652
00420
03974
08139
26055
14574
22772
27552
30598
63249
70259
73586
83540
89449
90629
04158
19541
44254
48465
73058
94574
19446
64674
26841
37189
60020
63987
68732
77014
21685
49448
56068
72354
75978
60430
63799
54266
70441
98623
47666
55008
61055
66553
82135
89543
00067
27042
29322
55582
61204
80185
88850
97881
01610
02710
15728
53505
99413
22938
29522
34619
46285
56929
10109
21213
29711
58963
91663
29168
62078
62356
82578
87477
13727
17089
34832
57126
82006
00835
27960
33486
35261
37925
50105
53666
70573
75255
76556
92850
73869
99516
18176
18660
35084
59745
59763
73670
74119
76159
82675
93244
02745
04321
08839
15950
35714
48476
74812
10720
17003
35333
54373
64339
20761
21687
47007
52977
63058
15182
21947
28356
46081
49673
91544
48603
57761
24672
53057
56754
91695
34087
51355
59316
69146
78228
96776
10873
18493
20880
28601
41532
46619
99569
22463
37471
57446
65284
70418
30282
34308
39465
40682
91412
49791
61403
66417
42868
45645
45881
66661
84776
88540
13951
18533
42774
93119
40382
44018
90550
42462
74590
75760
20896
25321
26227
42077
97379
11114
79727
30805
36728
51959
63311
08814
45385
45488
46476
44080
73554
88986
89636
93807
01836
03173
40778
41073
97249
10232
14964
19063
48561
57906
95688
98529
05501
14431
20446
58495
10878
17533
49824
91839
92361
95730
18654
35219
38910
52713
03444
20989
42113
48722
54628
46247
48578
72063
78385
79505
00612
04775
12163
18989
26048
40045
46388
55888
58362
68102
92930
00778
17039
47472
46072
47095
74670
84079
92714
00340
02329
54453
55963
62805
97896
19338
77187
15336
76096
05592
06024
46330
55378
55592
76864
78323
47653
60059
62246
70651
86571
20380
29364
44531
04006
38966
82235
91244
15020
22248
56044
62372
99286
03095
05078
26206
37903
51148
61721
73544
79355
62225
70456
73373
79116
28485
42883
44443
95050
97753
00623
46174
62260
67496
69471
08470
10862
12336
41555
42658
58907
69270
60961
72724
031517
064194
129077
180971
181675
232478
263988
270601
278657
321320
323786
410174
506611
535523
561910
611968
612356
638454
698188
719538
720444
753762
765713
767131
846886
930974
075078
137380
151269
157705
190358
293916
341926
471516
524968
616537
648117
793139
818136
827945
839984
032662
038934
072423
195679
201637
233832
250911
281235
507882
521420
544040
546454
576690
593005
626995
770471
984335
183441
215484
296893
511700
545447
635661
703471
160400
263301
278509
332751
340085
361952
496960
796182
151681
026878
090841
370652
691617
723272
219217
327193
208361
252254
479540
49
01
21
717
021
287
057
404
111
564
895
663
113
773
3158
3858
6612
8805
3004
0340
3553
8459
6126
2132
4397
3202
5244
5335
0058
8154
3776
8310
1782
7877
6740
6590
8071
0012
4018
4811
5672
4803
7503
2860
4149
4764
0055
7227
40755
05111
10304
21057
21436
28043
38975
30149
32213
62266
67666
73179
79230
45531
41082
43482
18526
28071
38253
57003
51469
76487
08355
31590
40375
95102
03334
38358
46655
47893
93170
02896
53455
60311
62739
66874
80658
06590
22598
28249
30008
54260
18322
35116
51547
31353
34072
42581
73373
74139
92467
31543
39641
60114
72141
40883
99409
03514
04019
04320
21897
28108
41460
52380
33306
41524
41732
41974
87457
06583
33551
55789
75895
76193
29920
37557
58908
00042
05916
12579
38472
98840
13880
21213
26058
28104
33579
38860
40091
40834
54789
55812
62029
62916
69002
82682
21841
71621
07956
08053
47179
90953
15874
78110
83361
84272
16891
19717
23540
32540
45729
72184
74230
83769
91882
01310
12454
20296
36833
79160
08619
14176
53488
55775
63067
64615
99975
02642
02899
10888
22728
25907
43339
55056
57845
60265
60658
87423
96667
93032
03416
15304
17446
17909
40545
42025
80640
13769
28862
33095
40596
72665
00693
32479
44719
56445
23981
29395
40135
45165
45814
75634
01486
12903
22834
25306
41662
42272
49602
55283
08314
16287
17793
32247
34884
40733
66125
69770
05477
18847
20044
57853
80279
90074
96635
97914
06142
28203
40197
46530
47806
80348
34332
42868
44047
15197
18100
23543
26856
31546
32751
55181
66661
82548
89275
10447
33076
54549
58874
67383
26291
61457
92248
17444
19097
41492
45608
48900
48285
17246
14489
45001
40696
47588
74148
95736
99132
50085
61876
10149
12766
51913
58615
63883
25685
60779
66055
78079
22541
43008
97899
23486
48141
52459
37154
45339
48578
59540
77534
01616
09395
12482
15860
30761
93212
43194
44249
63669
73996
07088
15045
24159
51133
99697
05543
41821
43522
47041
60069
60781
69568
94773
98151
04197
43685
48363
51417
51637
79305
13850
17277
24624
32627
32863
40332
74300
77187
78524
74070
04501
05592
19320
24432
34692
38669
50581
52369
57439
77030
91034
91099
96325
98657
21810
22837
30445
43672
49239
70506
33853
79051
02297
35006
37123
55434
79067
94945
42697
73314
86614
13683
21596
60803
63741
65463
72836
75466
78194
86489
02921
14032
18889
19731
46400
99347
45914
57563
95757
02005
48932
01802
17556
109088
109507
153597
191509
215411
306761
314206
323726
402779
428623
432433
458818
481623
715838
723688
737319
767629
845238
977602
068455
076263
157264
197935
215620
234183
249105
311624
323774
358674
375855
426921
484621
492364
524577
590324
609934
640715
648966
736041
813352
930127
988627
048767
064787
067699
085237
145849
172036
237643
265634
564382
577331
626995
767126
785086
791319
814266
846526
112151
375074
553770
653022
786745
943836
966904
024092
156736
306642
343037
350776
433751
459772
817477
832543
191506
841859
397751
416106
499521
789412
578277
681100
258692
6
54
804
287
454
997
972
063
988
111
172
276
880
631
5072
6811
8603
3004
9243
1223
1586
2098
0274
9534
1452
6023
9597
8154
4263
6842
3599
7877
4834
7703
6685
4172
2848
0777
8007
5758
2802
31558
02328
21717
44498
00663
62867
79254
74484
87014
22129
22639
24679
36576
57003
91904
32320
52325
82278
87233
06435
22271
07682
40370
64166
79282
06246
09652
30363
55779
72499
75458
95102
04528
09484
32754
53455
58156
63249
72089
73683
80658
89449
90629
94391
27884
57533
60715
96792
42047
42541
50069
54243
48592
59464
64997
68732
85947
93724
96191
05173
09299
28314
33120
59902
60520
82976
91924
98971
07610
12564
14699
41138
70441
25233
28414
34943
41327
41524
55008
76337
88127
00067
03435
06155
10047
80185
82387
91095
97881
04239
37877
39605
42418
43487
10857
30487
34619
71700
72654
82693
98067
11321
21213
29711
47680
63357
94016
26925
76808
78745
82578
87879
88682
69774
86425
50105
64978
95788
17882
40680
44379
99516
59743
61161
75609
82617
85351
01074
01282
48476
51224
77300
88780
89995
90336
22564
35333
35518
56412
65709
29525
54871
55514
68538
73109
92633
00790
03924
13352
65497
69126
70808
82931
96892
23742
36681
48603
52581
65311
00986
10850
16765
22797
38615
75542
76433
40305
53320
84682
00014
01982
02741
03609
99569
35702
69144
69770
74591
77041
91914
98185
02522
40682
42393
18847
57571
38901
47045
29875
42868
21650
27221
40890
66661
73067
82029
14666
21888
53426
00034
00092
42221
64196
44149
53866
57460
65766
12484
42077
47622
63329
12432
20278
48912
46213
57577
41837
44662
49561
64930
74109
88314
02728
03173
09512
47915
53389
17907
80041
13086
20532
58540
58743
58926
59213
61650
62283
85088
19341
27566
54697
76352
94764
63459
76620
98962
99284
01652
04541
12649
42693
58381
70562
20989
41339
95492
11603
18908
43116
46320
48578
50661
10016
11550
23809
31404
43965
67886
92480
92930
04230
27173
27702
45955
50528
58628
24632
48211
49055
52473
72927
72941
41520
69203
15839
48268
69645
05856
12381
14832
77187
12154
22949
28996
33128
47539
51810
70015
98704
24827
46330
50581
56416
78198
82567
95226
26504
30339
56624
57123
65315
71986
77466
48510
70339
02126
35374
54621
90510
23289
51165
55512
75325
08563
58568
59612
67360
35559
45598
36373
96412
00623
66442
43793
44418
65980
71547
38960
69793
065855
070506
102377
117982
151744
187596
230097
337366
342745
358225
371118
379753
420728
465805
526564
544313
560338
562155
639318
643661
735041
753762
790979
950210
955292
985013
059360
061424
207470
275378
278315
311624
353805
449390
476155
588369
607188
641004
644685
712807
838604
106322
198398
294775
392238
412543
435873
579931
626995
627181
631649
694978
171330
293103
371198
402670
413513
448418
559720
569689
583395
606272
611662
666903
675401
675679
703471
743243
786745
966563
981562
029712
157048
162440
191369
288914
338303
478067
332880
335800
427705
435893
461730
512072
753897
969206
985795
943258
517929
566459
571020
593623
835317
952514
728824
109379
225292
725906
939100
65
01
52
66
011
454
764
968
385
3004
8961
7676
3627
9333
1749
2730
6895
3358
0565
5708
4831
5113
3095
8060
8632
1010
4676
8070
1381
9301
04757
30217
72244
92573
01680
14363
47805
05885
09298
31114
61731
67529
75874
80633
16139
33878
40459
42783
51956
53366
59393
96512
07570
76494
37161
40435
49600
50119
74163
75508
75613
02227
06398
14309
18988
33746
40130
08139
90211
00226
51374
14439
51129
11621
52300
59519
82544
88870
20142
41981
59231
66633
88820
79562
86264
04340
21058
31785
34932
54374
58092
62912
64448
68928
75826
89544
99221
03493
06155
21888
37881
38764
45613
74762
81791
11680
17190
22932
33620
44695
01223
08256
26539
29973
35799
57170
82563
89553
94327
94898
47680
24088
82578
86373
86844
92488
22927
88518
44628
63738
64978
66136
00791
16966
43735
56029
37769
48688
52852
60174
10223
14478
28580
41371
13209
30335
63533
69054
98003
99878
07553
11322
54125
08848
28356
33519
37882
60616
90129
22625
33262
48603
52835
61889
96680
00604
02715
39697
95500
52241
52911
78172
23039
40529
49601
14071
32507
61719
94229
97159
05087
31556
27827
28911
43621
57831
81083
14780
17103
19828
20367
22088
27710
31392
75969
79987
82143
86596
42868
11793
50168
59698
78643
11848
13063
21957
30156
31496
50276
90830
96927
57370
61465
75901
34312
03923
12115
54259
37426
59485
84987
37532
39465
07105
37676
44419
47077
94092
40489
49554
75847
94425
62243
15426
72862
76997
79250
12620
26133
82455
88746
02624
37117
64039
75389
77231
92673
94883
98167
54168
77534
06218
10949
16082
16903
24183
87208
94028
96444
60190
60678
95821
30019
15437
44485
46881
53427
54756
70256
99458
00260
05671
08616
13563
26002
47037
50919
51385
66304
67828
70506
74438
80316
82296
13490
22015
76016
77230
12154
13337
30292
73031
11247
21098
30956
39642
50581
85122
29209
51795
54302
66500
72940
76713
35579
44021
68317
76901
51828
62547
05586
06859
38966
94280
13064
46750
77653
36638
39268
45692
55470
76999
80664
95416
12820
19652
27332
34913
35517
65877
66521
19306
29477
91529
95819
07230
12170
25187
51809
55959
56179
64169
95971
09442
10531
18378
37484
56222
71138
025483
040142
051178
072726
093090
130690
151636
157796
176596
196522
231888
232654
269864
335736
378222
405804
419625
423445
448163
476108
503952
523449
525363
545223
550158
571133
581476
583942
592454
614318
635037
640675
660591
661226
672834
678278
690994
692203
693837
732606
755704
785345
787998
852144
909357
918624
976171
990682
999807
013563
051077
141905
206589
232814
264502
302275
303425
341301
359096
363409
366821
374657
402952
473782
569695
576107
577174
611064
748162
791651
814978
911205
958953
074820
077858
172982
493305
515297
526525
626995
783454
932503
984779
323386
423764
431830
433376
443893
499630
530539
590922
606618
613207
785928
048558
065808
065847
148541
198280
325542
326854
368813
399306
612207
666504
909635
050333
222470
469311
569379
703501
722267
819736
930063
052334
073107
126477
235115
565538
117656
382038
537576
599228
631670
733827
051241
713880
380630
694598
772352
816378
49
01
65
61
25
935
116
806
063
540
111
313
068
518
626
276
438
995
865
743
354
983
555
920
999
255
736
8262
0027
4447
0838
5477
3832
1861
5464
1979
6855
4141
0084
8465
7554
8764
9979
1400
1757
3290
4599
0778
1919
6817
2435
6737
7844
3105
5840
0958
7363
9546
3902
3890
4944
8616
5397
3288
2848
9219
9219
2422
8831
3206
7151
21025
77332
91389
65704
15219
15278
15387
20878
30006
52305
33524
63998
85502
39456
39688
95663
99405
99928
15015
43112
48390
58272
70999
07089
53659
01737
65892
95933
96073
21307
28475
33652
40874
75188
95102
22866
28338
41486
04742
05694
52777
55118
67238
67360
67592
78189
78923
94671
03866
30787
32432
45213
60859
69645
73129
75872
92355
23730
30662
40290
67034
73602
77506
94120
98780
01535
09374
15052
70441
21854
26342
41608
60012
80278
84644
86662
91482
95404
09984
18743
35127
91053
96223
08361
30330
98710
00227
04851
28957
32480
34640
44224
54238
58683
82308
95447
98751
05312
10109
16126
44690
63653
91471
91595
01760
21148
22219
31160
45898
52494
59484
67979
69910
91387
42588
48506
48683
53284
70475
77042
83162
95525
11047
17507
17996
23107
33372
38453
41317
45456
99215
04666
32943
51891
95783
96302
97361
45076
47681
50299
54018
73226
17264
24005
24015
43430
71527
79172
02387
02760
29726
35548
42494
43120
55835
72868
84721
90471
98748
99114
09602
14703
47259
52129
57480
69621
96319
03699
13393
17171
20933
23203
41825
51932
52479
64238
01462
18317
41481
62887
64687
78953
90506
95833
25297
35678
45182
19808
44030
44357
67162
91653
74860
75464
90244
98955
03463
04530
18916
22768
96107
24602
25969
26215
37926
39187
69770
95039
40303
53850
57636
80748
19697
58702
69060
20946
26810
30155
31478
39221
41276
42868
11588
14427
15758
17021
63090
67589
70248
83401
84233
86055
91395
38102
99207
03252
47754
70274
77013
36998
56000
65159
67420
18754
10115
19218
51805
97375
97549
11727
05849
32327
53770
58332
03207
07240
07608
39133
40921
41497
66758
77720
93074
00776
06611
55959
95900
35392
42927
43671
86426
92737
97730
24742
13959
17785
59193
60156
15233
40832
61208
20639
43194
10388
10766
58033
58450
27021
48578
09403
21704
26437
30523
43902
51591
53466
64569
72849
94329
26646
43766
48203
53412
91601
99410
42941
43230
45465
55074
65234
53518
59234
78546
81940
85999
87633
43093
51971
52241
65138
94895
95347
12750
42949
44819
36417
79817
91700
29321
29433
43147
43550
50581
97122
59835
42806
63731
68899
51646
59415
85730
58497
50005
57375
67360
80792
95162
96059
97147
26649
64991
38516
59645
00623
10434
47302
50954
19091
020310
061535
178212
186421
203148
339028
403358
481013
565269
588705
649956
925813
017232
092180
250961
265646
266753
357933
477644
489441
521216
567160
568016
065565
191919
194587
498670
626995
723426
270159
609144
980341
418989
440244
619954
906182
327354
497562
213148
306393
727919
064780
392937
11
18
593
005
345
340
172
279
456
473
364
776
631
795
504
1662
4568
9841
1380
1920
1358
2084
9121
4397
8949
4600
7913
9704
3174
4628
6735
0409
8687
2864
0211
1931
4538
4934
5969
7628
1362
0669
1643
5866
44461
00798
37790
03287
71930
99947
70943
32214
41966
44210
60606
72853
77652
51762
17334
35471
83806
93440
96850
14575
81064
46922
49853
29108
40370
48671
07787
44139
12856
17373
40234
85279
88297
08353
80901
95038
01986
05723
18020
22672
27552
40187
58114
76721
82838
88510
02109
19541
25561
70693
41360
54577
62128
62536
34157
54790
59464
36972
61062
70390
62206
70679
04320
23744
41138
26829
39534
50113
72448
76258
97793
03493
88845
98558
15472
25986
42517
57864
99413
11437
30549
59353
84992
86046
95585
98286
98751
15689
58963
12780
13532
32427
37323
49853
49900
55147
58152
62029
65364
44427
86801
99223
00581
04960
40351
67773
16065
92850
55285
85512
86467
19685
53747
65950
00444
01948
02911
04544
05464
34328
95828
09613
10789
35333
66531
70081
76048
22914
29588
37727
63409
75964
06727
08403
09222
19431
23743
24237
28356
29749
92824
35749
59054
40689
40775
50076
66948
69271
73694
75867
23737
36771
87621
02144
18493
24240
40919
44637
99435
03929
05575
12490
63871
09219
39465
40682
42296
48706
52615
88223
44219
40657
42868
43000
37352
40890
49275
52703
66661
86055
88086
99212
12721
05207
09386
69773
76512
32617
42839
44746
50995
67998
83507
88765
95518
44113
49544
01866
49252
00682
49698
46313
42617
91931
96919
99654
44010
77690
46883
64368
11617
53055
79161
44892
47348
62758
67523
76229
08015
11767
15417
30128
36886
54225
89441
90884
95748
96914
97771
99067
02550
10388
20989
39148
48537
51208
51304
62237
91107
14582
48578
60521
17652
29545
48463
94683
94738
99384
50615
55972
97592
98946
01124
09674
44239
52441
95266
08976
76636
41076
99182
02903
08143
13324
06082
15250
76834
14072
20562
50083
54473
70523
70538
73967
95442
14257
14999
17433
46228
50581
63396
72407
96604
22801
41919
47653
58229
75701
76800
31544
48510
88874
16995
49367
58424
80019
55707
88712
10576
50512
83459
92520
99050
08845
22990
46208
50752
68494
75036
98667
18369
19972
28204
32068
39091
01
17
636
287
004
077
111
172
631
989
9396
3004
3553
2098
6898
3202
4600
7913
2351
0028
8154
0544
5382
7877
9974
8709
5969
1362
30217
03175
37547
42096
78947
81615
88805
13901
53945
40370
64166
07688
30881
44222
95102
99633
25080
06944
20068
33982
47677
49205
89449
19541
40111
59354
78368
93651
10239
28677
50953
59519
62128
70074
86180
87957
28314
42612
63971
70390
82964
04320
19415
20240
41138
34943
41524
41974
03493
42197
55789
80185
96752
98558
53505
57864
31774
66579
93072
98751
12112
29711
07282
38860
72810
82578
83013
95298
46167
84676
04923
92850
93714
43858
77095
72367
24399
25759
27706
95828
17160
44259
51841
62275
63058
23743
28356
31188
59054
21875
72536
95269
05128
08785
69770
71791
06302
23109
25838
41762
45774
48706
34987
52615
57123
90532
11077
67327
76386
41284
42868
28703
40890
11233
23475
30318
30800
38857
48414
53046
09386
59820
60663
50923
69948
01821
09926
25325
47372
36521
48822
05687
29601
43607
59562
76020
88077
88314
42617
42801
77690
10636
27334
48112
70273
98767
58644
11985
49130
69017
76642
04393
90884
53833
97608
20868
27382
45027
48578
90390
75195
43559
54843
11038
49167
80755
97691
15250
18256
31558
73206
77187
25423
26363
28189
39518
52753
57712
55064
78644
91034
99974
47653
71783
75701
30661
37083
44857
70479
55065
08675
92179
16086
77644
98190
39844
55470
97911
42001
72339
37512
97404
00623
49120
65342
68125
81131
85454
96383
97638
70237
72215
16152
040315
070815
100325
321442
329689
352454
366369
452510
476906
619649
699505
915780
966848
011697
017004
097862
316726
325158
325689
382181
576004
601109
620693
648599
741203
827095
987199
988890
132505
242413
282352
407262
483149
557427
570538
626995
748419
006602
032262
167007
218458
245727
277191
513372
703471
942311
243596
326011
350776
559436
627124
669183
055644
422257
435893
438877
522818
911140
123439
255544
407091
412542
107843
378932
462150
681364
780635
321526
694598
376
742
024
780
4111
6484
0533
0477
3150
5397
9602
5111
4188
5671
7656
7162
5951
7518
04591
11753
31782
35741
51130
45238
21611
73474
33737
88827
14381
38736
05455
57210
26329
19730
35325
61709
65032
34218
71938
78939
44815
82277
74463
84187
86136
03195
12462
26462
53348
55532
84841
79212
97334
01808
11515
90453
00755
22735
00767
92305